Amphypods
=========
Name        s1        s2        s3        s4
Name                                        
s1    0.000000  0.487144  0.641206  0.788180
s2    0.487144  0.000000  0.568213  0.795741
s3    0.641206  0.568213  0.000000  0.837731
s4    0.788180  0.795741  0.837731  0.000000
только s2==0	339
только s1==0	1305
только s3==0	20
только s4==0	8656

s1	21070
s2	30695
s3	58335
s4	10674
[54706, 11848, 10320, 2853]

Mollusks
========
Name        s1        s2        s3        s4
Name                                        
s1    0.000000  0.154255  0.194540  0.142803
s2    0.154255  0.000000  0.196149  0.158713
s3    0.194540  0.196149  0.000000  0.195136
s4    0.142803  0.158713  0.195136  0.000000
только s2==0	3417
только s1==0	2971
только s3==0	7160
только s4==0	3134


s1	58491
s2	57525
s3	51841
s4	57872
[8837, 10149, 16682, 36637]
